0	0.00	2.59			
1	0.97	2.59			
2	1.94	2.54			
3	2.91	2.65			
4	3.88	2.66			
5	4.86	2.62			
6	5.83	2.69			
7	6.80	2.73			
8	7.77	2.78			
9	8.74	2.74			
10	9.71	2.88			
11	10.68	2.96			
12	11.65	3.28			
13	12.63	3.42			
14	13.60	3.64			
15	14.57	3.85			
16	15.54	4.11			
17	16.51	4.24			
18	17.48	4.38			
19	18.45	4.32			
20	19.42	4.35			
21	20.40	4.27			
22	21.37	4.24			
23	22.34	4.22			
24	23.31	4.17			
25	24.28	4.18			
26	25.25	4.03			
27	26.29	4.11			
28	27.32	4.11			
29	28.35	4.09			
30	29.39	3.98			
31	30.42	3.98			
32	31.46	3.96			
33	32.49	3.94			
34	33.53	3.95			
35	34.56	3.90			
36	35.59	3.81			
37	36.63	3.82			
38	37.66	3.77			
39	38.70	3.91			
40	39.73	3.91			
41	40.76	3.87			
42	41.80	3.86			
43	42.83	3.82			
44	43.87	3.84			
45	44.90	3.69			
46	45.94	3.72			
47	46.97	3.74			
48	48.00	3.81			
49	49.04	3.82			
50	50.07	3.70			
51	51.11	3.69			
52	52.14	3.67			
53	53.29	3.80			
54	54.43	3.74			
55	55.58	3.67			
56	56.73	3.71			
57	57.87	3.79			
58	59.02	3.85			
59	60.16	3.79			
60	61.31	3.96			
61	62.46	3.87			
62	63.60	3.96			
63	64.75	3.89			
64	65.90	3.72			
65	67.04	3.84			
66	68.19	3.93			
67	69.33	3.80			
68	70.48	3.78			
69	71.63	3.83			
70	72.77	3.68			
71	73.92	3.58			
72	75.06	3.57			
73	76.21	3.59			
74	77.36	3.39			
75	78.50	3.31			
76	79.65	3.42			
77	80.80	3.44			
78	81.94	3.41			
79	82.94	3.41			
80	83.94	3.26			
81	84.93	3.18			
82	85.93	3.16			
83	86.93	3.19			
84	87.92	3.18			
85	88.92	3.31			
86	89.92	3.42			
87	90.91	3.54			
88	91.91	3.47			
89	92.91	3.44			
90	93.90	3.42			
91	94.90	3.39			
92	95.90	3.34			
93	96.89	3.26			
94	97.89	3.20			
95	98.89	3.13			
96	99.88	3.11			
97	100.88	3.19			
98	101.88	3.26			
99	102.87	3.14			
100	103.87	3.17			
101	104.87	3.28			
102	105.86	3.22			
103	106.86	3.24			
104	107.86	3.28			
105	108.89	3.21			
106	109.92	3.36			
107	110.95	3.40			
108	111.98	3.47			
109	113.02	3.48			
110	114.05	3.40			
111	115.08	3.38			
112	116.11	3.39			
113	117.14	3.29			
114	118.17	3.17			
115	119.21	3.07			
116	120.24	2.94			
117	121.27	2.90			
118	122.30	2.80			
119	123.33	2.66			
120	124.37	2.63			
121	125.40	2.62			
122	126.43	2.54			
123	127.46	2.46			
124	128.49	2.63			
125	129.52	2.50			
126	130.56	2.52			
127	131.59	2.73			
128	132.62	3.07			
129	133.65	3.26			
130	134.68	3.03			
131	135.60	3.17			
132	136.51	3.56			
133	137.43	3.77			
134	138.34	4.06			
135	139.26	4.22			
136	140.17	4.18			
137	141.08	4.16			
138	142.00	4.25			
139	142.91	4.23			
140	143.83	4.34			
141	144.74	4.17			
142	145.66	4.11			
143	146.57	4.14			
144	147.48	4.18			
145	148.40	4.10			
146	149.31	4.13			
147	150.23	4.18			
148	151.14	4.07			
149	152.06	4.11			
150	152.97	4.11			
151	153.88	4.02			
152	154.80	4.00			
153	155.71	3.98			
154	156.63	4.02			
155	157.54	3.87			
156	158.46	4.14			
157	159.43	4.10			
158	160.41	4.05			
159	161.39	4.02			
160	162.37	4.05			
161	163.35	4.01			
162	164.33	4.02			
163	165.31	4.06			
164	166.29	4.04			
165	167.27	4.04			
166	168.24	3.84			
167	169.22	3.77			
168	170.20	3.84			
169	171.18	3.86			
170	172.16	3.86			
171	173.14	3.89			
172	174.12	3.82			
173	175.10	3.74			
174	176.08	3.64			
175	177.06	3.68			
176	178.03	3.75			
177	179.01	3.82			
178	179.99	3.80			
179	180.97	3.84			
180	181.95	3.75			
181	182.93	3.82			
182	183.91	3.84			
183	184.84	3.73			
184	185.78	3.76			
185	186.71	3.95			
186	187.65	3.83			
187	188.58	3.76			
188	189.52	3.82			
189	190.45	3.75			
190	191.38	3.64			
191	192.32	3.49			
192	193.25	3.12			
193	194.19	3.28			
194	195.12	3.20			
195	196.06	3.27			
196	196.99	3.18			
197	197.93	3.10			
198	198.86	3.18			
199	199.80	2.93			
200	200.73	2.89			
201	201.66	2.89			
202	202.60	2.99			
203	203.53	2.97			
204	204.47	3.14			
205	205.40	3.18			
206	206.34	3.13			
207	207.27	3.14			
208	208.21	3.07			
209	209.10	3.00			
210	210.00	2.93			
211	210.89	2.96			
212	211.79	2.97			
213	212.69	3.01			
214	213.58	2.92			
215	214.48	2.90			
216	215.37	2.89			
217	216.27	2.84			
218	217.16	3.08			
219	218.06	3.30			
220	218.96	3.34			
221	219.85	3.59			
222	220.75	3.74			
223	221.64	3.80			
224	222.54	3.75			
225	223.43	3.64			
226	224.33	3.65			
227	225.22	3.55			
228	226.12	3.55			
229	227.02	3.38			
230	227.91	3.66			
231	228.81	3.58			
232	229.70	3.53			
233	230.60	3.33			
234	231.49	3.20			
235	232.43	3.07			
236	233.36	3.02			
237	234.29	2.83			
238	235.22	2.87			
239	236.16	2.80			
240	237.09	2.80			
241	238.02	2.90			
242	238.95	3.04			
243	239.89	3.14			
244	240.82	3.41			
245	241.75	3.53			
246	242.68	3.74			
247	243.62	3.67			
248	244.55	3.74			
249	245.48	3.72			
250	246.41	3.86			
251	247.35	3.94			
252	248.28	3.99			
253	249.21	3.88			
254	250.14	3.93			
255	251.08	3.73			
256	252.01	3.79			
257	252.94	3.91			
258	253.87	3.87			
259	254.80	3.88			
260	255.74	3.82			
261	256.70	3.88			
262	257.67	3.81			
263	258.64	3.82			
264	259.61	3.78			
265	260.57	3.80			
266	261.54	3.86			
267	262.51	3.86			
268	263.48	3.69			
269	264.44	3.88			
270	265.41	3.87			
271	266.38	3.86			
272	267.35	3.80			
273	268.31	3.80			
274	269.28	3.74			
275	270.25	3.74			
276	271.22	3.66			
277	272.18	3.80			
278	273.15	3.67			
279	274.12	3.59			
280	275.09	3.50			
281	276.05	3.57			
282	277.02	3.34			
283	277.99	3.23			
284	278.96	3.22			
285	279.92	3.20			
286	280.89	3.18			
287	281.80	3.25			
288	282.70	3.38			
289	283.61	3.42			
290	284.51	3.46			
291	285.42	3.47			
292	286.32	3.63			
293	287.22	3.58			
294	288.13	3.69			
295	289.03	3.67			
296	289.94	3.59			
297	290.84	3.66			
298	291.75	3.53			
299	292.65	3.59			
300	293.56	3.38			
301	294.46	3.42			
302	295.37	3.42			
303	296.27	3.36			
304	297.18	3.43			
305	298.08	3.43			
306	298.99	3.41			
307	299.89	3.36			
308	300.80	3.21			
309	301.70	3.22			
310	302.61	3.16			
311	303.51	3.06			
312	304.42	3.15			
313	305.53	3.05			
314	306.64	3.13			
315	307.75	2.98			
316	308.86	3.05			
317	309.98	3.25			
318	311.09	3.12			
319	312.20	2.94			
320	313.31	3.02			
321	314.42	2.89			
322	315.53	2.89			
323	316.65	2.83			
324	317.76	2.57			
325	318.87	2.67			
326	319.98	2.59			
327	321.09	2.58			
328	322.20	2.59			
329	323.32	2.55			
330	324.43	2.66			
331	325.54	2.65			
332	326.65	2.75			
333	327.76	2.74			
334	328.88	2.87			
335	329.99	3.11			
336	331.10	3.44			
337	332.21	3.59			
338	333.32	3.53			
339	334.31	3.78			
340	335.29	3.96			
341	336.28	4.20			
342	337.26	4.19			
343	338.24	4.16			
344	339.23	4.12			
345	340.21	4.15			
346	341.20	4.04			
347	342.18	3.89			
348	343.17	3.85			
349	344.15	3.98			
350	345.13	4.03			
351	346.12	4.00			
352	347.10	3.83			
353	348.09	3.83			
354	349.07	3.76			
355	350.05	3.95			
356	351.04	3.82			
357	352.02	3.91			
358	353.01	3.94			
359	353.99	3.85			
360	354.98	3.90			
361	355.96	3.86			
362	356.94	3.86			
363	357.93	3.89			
364	358.91	3.72			
365	359.91	3.82			
366	360.91	3.68			
367	361.91	3.73			
368	362.91	3.76			
369	363.91	3.74			
370	364.91	3.72			
371	365.91	3.63			
372	366.91	3.78			
373	367.91	3.65			
374	368.91	3.70			
375	369.91	3.56			
376	370.91	3.57			
377	371.91	3.56			
378	372.91	3.55			
379	373.91	3.53			
380	374.91	3.55			
381	375.91	3.51			
382	376.91	3.41			
383	377.90	3.48			
384	378.90	3.44			
385	379.90	3.50			
386	380.90	3.38			
387	381.90	3.35			
388	382.90	3.28			
389	383.90	3.25			
390	384.90	3.32			
391	386.06	3.36			
392	387.21	3.33			
393	388.36	3.22			
394	389.52	3.28			
395	390.67	3.12			
396	391.82	3.08			
397	392.98	2.83			
398	394.13	2.90			
399	395.28	2.84			
400	396.44	2.68			
401	397.59	2.56			
402	398.75	2.53			
403	399.90	2.51			
404	401.05	2.56			
405	402.21	2.47			
406	403.36	2.55			
407	404.51	2.57			
408	405.67	2.53			
409	406.82	2.58			
410	407.98	2.51			
411	409.13	2.65			
412	410.28	2.67			
413	411.44	2.74			
414	412.59	2.77			
415	413.74	2.77			
416	414.90	2.87			
417	415.96	2.93			
418	417.03	3.11			
419	418.10	3.17			
420	419.17	3.13			
421	420.24	3.21			
422	421.30	3.30			
423	422.37	3.38			
424	423.44	3.28			
425	424.51	3.66			
426	425.57	3.86			
427	426.64	3.66			
428	427.71	4.08			
429	428.78	4.27			
430	429.85	4.34			
431	430.91	4.41			
432	431.98	4.41			
433	433.05	4.44			
434	434.12	4.44			
435	435.18	4.38			
436	436.25	4.43			
437	437.32	4.26			
438	438.39	4.15			
439	439.46	4.23			
440	440.52	4.12			
441	441.59	4.31			
442	442.66	4.32			
443	443.75	4.27			
444	444.85	4.18			
445	445.94	4.27			
446	447.03	4.18			
447	448.13	3.87			
448	449.22	4.13			
449	450.32	4.09			
450	451.41	4.11			
451	452.51	3.94			
452	453.60	4.09			
453	454.69	3.92			
454	455.79	3.96			
455	456.88	3.77			
456	457.98	3.98			
457	459.07	3.99			
458	460.16	3.91			
459	461.26	3.99			
460	462.35	3.92			
461	463.45	3.95			
462	464.54	3.97			
463	465.63	3.97			
464	466.73	3.80			
465	467.82	3.93			
466	468.92	3.82			
467	470.01	3.80			
468	471.11	3.74			
469	472.20	3.87			
470	473.29	3.69			
471	474.38	3.61			
472	475.47	3.68			
473	476.56	3.72			
474	477.65	3.75			
475	478.74	3.71			
476	479.83	3.66			
477	480.92	3.63			
478	482.01	3.58			
479	483.10	3.48			
480	484.19	3.48			
481	485.28	3.53			
482	486.37	3.37			
483	487.46	3.33			
484	488.55	3.15			
485	489.64	3.17			
486	490.73	3.12			
487	491.82	3.08			
488	492.91	3.03			
489	494.00	2.96			
490	495.10	2.90			
491	496.19	2.83			
492	497.28	2.99			
493	498.37	3.08			
494	499.46	3.19			
495	500.43	3.19			
496	501.40	3.19			
497	502.38	3.04			
498	503.35	3.18			
499	504.32	3.11			
500	505.30	3.20			
501	506.27	3.14			
502	507.24	3.11			
503	508.21	3.17			
504	509.19	3.27			
505	510.16	3.22			
506	511.13	3.37			
507	512.11	3.29			
508	513.08	3.52			
509	514.05	3.42			
510	515.03	3.50			
511	516.00	3.42			
512	516.97	3.58			
513	517.95	3.61			
514	518.92	3.46			
515	519.89	3.46			
516	520.86	3.37			
517	521.84	3.32			
518	522.81	3.43			
519	523.78	3.32			
520	524.76	3.31			
521	525.71	3.27			
522	526.66	3.24			
523	527.61	3.29			
524	528.56	3.19			
525	529.52	3.28			
526	530.47	3.33			
527	531.42	3.32			
528	532.37	3.28			
529	533.33	3.35			
530	534.28	3.33			
531	535.23	3.28			
532	536.18	3.37			
533	537.13	3.47			
534	538.09	3.63			
535	539.04	3.65			
536	539.99	3.91			
537	540.94	3.79			
538	541.89	3.90			
539	542.85	3.84			
540	543.80	3.89			
541	544.75	3.86			
542	545.70	3.81			
543	546.65	3.81			
544	547.61	3.82			
545	548.56	3.79			
546	549.51	3.87			
547	550.49	3.89			
548	551.47	3.91			
549	552.45	3.89			
550	553.43	3.86			
551	554.41	3.81			
552	555.38	3.88			
553	556.36	3.82			
554	557.34	3.65			
555	558.32	3.61			
556	559.30	3.75			
557	560.28	3.71			
558	561.26	3.61			
559	562.24	3.53			
560	563.21	3.50			
561	564.19	3.57			
562	565.17	3.50			
563	566.15	3.53			
564	567.13	3.37			
565	568.11	3.32			
566	569.09	3.22			
567	570.07	3.30			
568	571.04	3.36			
569	572.02	3.33			
570	573.00	3.27			
571	573.98	3.25			
572	574.96	2.95			
573	575.98	3.01			
574	577.01	3.09			
575	578.03	2.75			
576	579.06	2.82			
577	580.08	2.84			
578	581.10	2.86			
579	582.13	2.93			
580	583.15	3.05			
581	584.17	3.36			
582	585.20	3.49			
583	586.22	3.65			
584	587.25	3.67			
585	588.27	3.69			
586	589.29	3.54			
587	590.32	3.47			
588	591.34	3.55			
589	592.36	3.43			
590	593.39	3.45			
591	594.41	3.43			
592	595.44	3.38			
593	596.46	3.35			
594	597.48	3.26			
595	598.51	3.24			
596	599.53	3.25			
597	600.56	3.16			
598	601.58	3.35			
599	602.44	3.38			
600	603.29	3.43			
602	605.01	3.33			
604	606.72	3.13			
606	608.43	3.16			
608	610.15	3.16			
610	611.86	2.85			
612	613.57	2.88			
614	615.29	2.89			
616	617.00	3.02			
618	618.71	3.17			
620	620.43	3.45			
622	622.14	3.67			
624	623.85	3.99			
626	625.51	4.26			
628	627.16	4.37			
630	628.81	4.44			
632	630.47	4.41			
634	632.12	4.29			
636	633.78	4.36			
638	635.43	4.16			
640	637.08	4.37			
642	638.74	4.11			
644	640.39	4.04			
646	642.05	4.08			
648	643.70	4.11			
650	645.35	4.07			
652	647.73	4.15			
654	650.11	4.13			
656	652.48	3.93			
658	654.86	3.94			
660	657.23	4.00			
662	659.61	4.16			
664	661.99	3.94			
666	664.36	3.86			
668	666.74	4.01			
670	669.12	3.78			
672	671.49	3.88			
674	673.87	3.82			
676	676.24	3.76			
678	678.54	3.62			
680	680.84	3.50			
682	683.14	3.51			
684	685.44	3.39			
686	687.74	3.49			
688	690.04	3.31			
690	692.34	3.06			
692	694.64	3.07			
694	696.94	3.00			
696	699.24	2.86			
698	701.54	2.93			
700	703.84	3.01			
702	706.14	3.12			
704	707.92	3.20			
706	709.71	3.29			
708	711.49	3.39			
710	713.27	3.34			
712	715.06	3.42			
714	716.84	3.65			
716	718.63	3.97			
718	720.41	4.11			
720	722.20	4.02			
722	723.98	4.01			
724	725.77	3.80			
726	727.55	3.68			
728	729.33	3.52			
730	731.24	3.52			
732	733.14	3.38			
734	735.05	3.51			
736	736.95	3.55			
738	738.86	3.57			
740	740.76	3.47			
742	742.66	3.53			
744	744.57	3.84			
746	746.47	4.03			
748	748.38	3.95			
750	750.28	3.96			
752	752.19	3.84			
754	754.09	3.91			
756	756.08	3.95			
758	758.07	3.62			
760	760.07	3.69			
762	762.06	3.47			
764	764.05	3.64			
766	766.04	3.47			
768	768.04	3.43			
770	770.03	3.35			
772	772.02	3.23			
774	774.01	3.12			
776	776.01	3.00			
778	778.00	2.92			
780	779.99	2.84			
782	782.21	2.90			
784	784.42	2.91			
786	786.64	3.04			
788	788.86	3.06			
790	791.07	3.52			
792	793.29	3.63			
794	795.51	4.10			
796	797.72	4.03			
798	799.94	4.04			
800	802.16	4.04			
802	804.37	4.09			
804	806.59	3.91			
806	808.81	3.89			
808	810.77	3.85			
810	812.74	3.67			
812	814.71	3.74			
814	816.67	3.48			
816	818.64	3.44			
818	820.61	3.26			
820	822.57	3.32			
822	824.54	3.26			
824	826.51	3.28			
826	828.47	3.47			
828	830.44	3.31			
830	832.41	3.40			
832	834.37	3.43			
834	836.53	3.31			
836	838.69	3.18			
838	840.85	3.35			
840	843.01	3.38			
842	845.17	3.17			
844	847.33	3.03			
846	849.49	2.94			
848	851.65	2.99			
850	853.81	2.86			
852	855.96	3.01			
854	858.12	2.99			
856	860.28	2.82			
858	862.44	2.78			
860	864.44	2.81			
862	866.45	3.04			
864	868.45	2.94			
866	870.45	3.42			
868	872.45	3.68			
870	874.45	3.87			
872	876.46	4.03			
874	878.46	4.04			
876	880.46	4.05			
878	882.46	3.95			
880	884.47	4.04			
882	886.47	3.78			
884	888.47	3.83			
886	890.36	3.83			
888	892.25	3.81			
890	894.13	3.75			
892	896.02	3.68			
894	897.91	3.77			
896	899.80	3.76			
898	901.69	3.69			
900	903.57	3.65			
902	905.46	3.53			
904	907.35	3.50			
906	909.24	3.48			
908	911.13	3.35			
910	913.01	3.35			
912	915.16	3.45			
914	917.31	3.39			
916	919.46	3.42			
918	921.60	3.73			
920	923.75	3.87			
922	925.90	3.91			
924	928.05	3.79			
926	930.20	3.74			
928	932.34	3.62			
930	934.49	3.46			
932	936.64	3.43			
934	938.79	3.34			
936	940.93	3.38			
938	943.06	3.22			
940	945.18	3.25			
942	947.30	3.05			
944	949.42	2.93			
946	951.54	2.99			
948	953.66	2.84			
950	955.78	2.80			
952	957.90	2.66			
954	960.02	2.75			
956	962.15	2.69			
958	964.27	3.09			
960	966.39	3.52			
962	968.51	3.78			
964	970.47	3.94			
966	972.43	3.66			
968	974.39	3.57			
970	976.35	3.45			
972	978.31	3.34			
974	980.27	3.23			
976	982.23	3.13			
978	984.20	3.08			
980	986.16	3.12			
982	988.12	3.35			
984	990.08	3.51			
986	992.04	3.60			
988	994.00	3.57			
990	995.88	3.47			
992	997.76	3.42			
994	999.64	3.30			
996	1001.52	3.20			
998	1003.40	3.20			
1000	1005.28	3.30			
1002	1007.16	3.51			
1004	1009.04	3.64			
1006	1010.92	3.58			
1008	1012.80	3.58			
1010	1014.68	3.48			
1012	1016.56	3.49			
1014	1018.44	3.35			
1016	1020.26	3.09			
1018	1022.09	3.14			
1020	1023.91	3.19			
1022	1025.74	2.93			
1024	1027.57	3.00			
1026	1029.39	3.23			
1028	1031.22	3.20			
1030	1033.04	3.31			
1032	1034.87	3.44			
1034	1036.69	3.72			
1036	1038.52	3.69			
1038	1040.34	3.90			
1040	1042.17	3.69			
1042	1044.27	3.59			
1044	1046.37	3.74			
1046	1048.46	3.58			
1048	1050.56	3.65			
1050	1052.66	3.54			
1052	1054.76	3.63			
1054	1056.85	3.61			
1056	1058.95	3.48			
1058	1061.05	3.59			
1060	1063.15	3.44			
1062	1065.25	3.30			
1064	1067.34	3.02			
1066	1069.44	2.84			
1068	1071.11	2.69			
1070	1072.77	2.70			
1072	1074.43	2.57			
1074	1076.10	2.78			
1076	1077.76	2.84			
1078	1079.43	2.90			
1080	1081.09	2.97			
1082	1082.75	3.17			
1084	1084.42	3.06			
1086	1086.08	3.25			
1088	1087.75	3.27			
1090	1089.41	3.31			
1092	1091.07	3.37			
1094	1092.93	3.36			
1096	1094.78	3.39			
1098	1096.63	3.65			
1100	1098.48	3.44			
1102	1100.33	3.39			
1104	1102.18	3.29			
1106	1104.04	3.19			
1108	1105.89	3.03			
1110	1107.74	3.21			
1112	1109.59	3.20			
1114	1111.44	3.48			
1116	1113.30	3.50			
1118	1115.15	3.56			
1120	1117.22	3.45			
1122	1119.28	3.83			
1124	1121.35	3.70			
1126	1123.42	3.86			
1128	1125.49	3.74			
1130	1127.56	3.68			
1132	1129.63	3.41			
1134	1131.69	3.58			
1136	1133.76	3.60			
1138	1135.83	3.38			
1140	1137.90	3.38			
1142	1139.97	3.33			
1144	1142.03	3.35			
1146	1144.00	3.22			
1148	1145.96	3.38			
1150	1147.93	3.18			
1152	1149.89	3.11			
1154	1151.86	3.12			
1156	1153.82	3.15			
1158	1155.78	3.04			
1160	1157.75	2.96			
1162	1159.71	2.96			
1164	1161.68	3.02			
1166	1163.64	2.89			
1168	1165.61	2.92			
1170	1167.57	2.96			
1172	1169.44	3.09			
1174	1171.31	3.12			
1176	1173.18	3.10			
1178	1175.05	3.16			
1180	1176.91	2.96			
1182	1178.78	3.20			
1184	1180.65	3.01			
1186	1182.52	3.13			
1188	1184.39	3.03			
1190	1186.26	3.41			
1192	1188.13	3.50			
1194	1190.00	3.63			
1196	1191.87	3.64			
1198	1194.12	3.79			
1200	1196.37	3.78			
1202	1198.62	3.56			
1204	1200.87	3.70			
1206	1203.12	3.52			
1208	1205.38	3.68			
1210	1207.63	3.56			
1212	1209.88	3.44			
1214	1212.13	3.46			
1216	1214.38	3.18			
1218	1216.63	3.09			
1220	1218.89	3.33			
1222	1221.14	3.30			
1224	1223.09	3.10			
1226	1225.04	2.99			
1228	1227.00	2.91			
1230	1228.95	2.78			
1232	1230.90	2.77			
1234	1232.85	2.70			
1236	1234.81	2.74			
1238	1236.76	2.71			
1240	1238.71	2.69			
1242	1240.67	2.83			
1244	1242.62	3.21			
1246	1244.57	3.46			
1248	1246.52	3.72			
1250	1248.40	3.67			
1252	1250.28	3.61			
1254	1252.15	3.63			
1256	1254.03	3.47			
1258	1255.90	3.26			
1260	1257.78	3.23			
1262	1259.65	3.43			
1264	1261.53	3.32			
1266	1263.41	3.27			
1268	1265.28	3.27			
1270	1267.16	3.20			
1272	1269.03	3.17			
1274	1270.91	3.20			
1276	1273.04	3.07			
1278	1275.17	3.03			
1280	1277.30	2.92			
1282	1279.43	3.01			
1284	1281.56	3.20			
1286	1283.69	3.33			
1288	1285.82	3.62			
1290	1287.95	3.71			
1292	1290.08	3.50			
1294	1292.21	3.30			
1296	1294.34	3.56			
1298	1296.47	3.51			
1300	1298.60	3.43			
1302	1300.64	3.42			
1304	1302.68	3.33			
1306	1304.73	3.26			
1308	1306.77	3.16			
1310	1308.81	3.01			
1312	1310.85	3.05			
1314	1312.90	3.07			
1316	1314.94	2.95			
1318	1316.98	3.09			
1320	1319.03	3.31			
1322	1321.07	3.30			
1324	1323.11	3.35			
1326	1325.15	3.36			
1328	1327.52	3.45			
1330	1329.88	3.42			
1332	1332.24	3.38			
1334	1334.60	3.55			
1336	1336.96	3.55			
1338	1339.33	3.46			
1340	1341.69	3.55			
1342	1344.05	3.43			
1344	1346.41	3.24			
1346	1348.78	3.22			
1348	1351.14	3.03			
1350	1353.50	2.95			
1352	1355.86	2.85			
1354	1358.07	2.77			
1356	1360.28	2.86			
1358	1362.48	2.91			
1360	1364.69	2.99			
1362	1366.90	3.16			
1364	1369.10	3.34			
1366	1371.31	3.35			
1368	1373.52	3.56			
1370	1375.73	3.40			
1372	1377.93	3.62			
1374	1380.14	3.57			
1376	1382.35	3.44			
1378	1384.55	3.56			
1380	1386.25	3.41			
1382	1387.94	3.32			
1384	1389.63	3.18			
1386	1391.32	3.08			
1388	1393.01	2.97			
1390	1394.70	3.09			
1392	1396.39	2.95			
1394	1398.08	3.06			
1396	1399.78	2.90			
1398	1401.47	2.85			
1400	1403.16	2.92			
1402	1404.85	2.99			
1404	1406.54	3.10			
1406	1408.23	3.33			
1408	1409.93	3.33			
1410	1411.62	3.56			
1412	1413.32	3.76			
1414	1415.01	3.58			
1416	1416.71	3.32			
1418	1418.40	3.20			
1420	1420.10	3.32			
1422	1421.79	3.19			
1424	1423.49	3.08			
1426	1425.18	3.08			
1428	1426.88	2.97			
1430	1428.57	2.88			
1432	1430.78	2.74			
1434	1432.98	2.74			
1436	1435.19	2.60			
1438	1437.40	2.60			
1440	1439.61	2.64			
1442	1441.81	2.70			
1444	1444.02	2.69			
1446	1446.23	2.72			
1448	1448.44	2.71			
1450	1450.64	2.85			
1452	1452.85	3.16			
1454	1455.06	3.56			
1456	1457.27	3.67			
1458	1459.47	3.60			
1460	1461.67	3.46			
1462	1463.87	3.43			
1464	1466.06	3.58			
1466	1468.26	3.35			
1468	1470.46	3.23			
1470	1472.66	2.98			
1472	1474.86	2.81			
1474	1477.06	2.74			
1476	1479.26	2.67			
1478	1481.46	2.78			
1480	1483.66	2.75			
1482	1485.86	2.80			
1484	1487.80	2.93			
1486	1489.73	2.78			
1488	1491.67	2.78			
1490	1493.61	2.87			
1492	1495.55	3.13			
1494	1497.48	3.41			
1496	1499.42	3.72			
1498	1501.36	3.60			
1500	1503.30	3.57			
1502.5	1505.72	3.65			
1505	1508.14	3.52			
1507.5	1510.56	3.51			
1510	1512.86	3.38			
1512.5	1515.12	3.10			
1515	1517.38	3.05			
1517.5	1519.65	3.15			
1520	1521.91	3.00			
1522.5	1524.17	3.03			
1525	1526.43	3.06			
1527.5	1528.70	3.25			
1530	1530.96	3.32			
1532.5	1533.22	3.56			
1535	1535.59	3.77			
1537.5	1538.14	3.71			
1540	1540.68	3.74			
1542.5	1543.22	3.66			
1545	1545.76	3.43			
1547.5	1548.30	3.33			
1550	1550.84	3.18			
1552.5	1553.38	3.04			
1555	1555.92	3.08			
1557.5	1558.47	3.15			
1560	1561.01	3.12			
1562.5	1563.39	2.94			
1565	1565.77	2.92			
1567.5	1568.15	3.09			
1570	1570.53	3.21			
1572.5	1572.91	3.53			
1575	1575.29	3.60			
1577.5	1577.67	3.54			
1580	1580.05	3.35			
1582.5	1582.44	3.35			
1585	1584.82	3.16			
1587.5	1587.11	3.02			
1590	1589.33	3.08			
1592.5	1591.56	3.22			
1595	1593.79	3.07			
1597.5	1596.02	2.97			
1600	1598.25	2.89			
1602.5	1600.48	2.73			
1605	1602.70	2.91			
1607.5	1604.93	3.02			
1610	1607.16	3.02			
1612.5	1609.43	3.24			
1615	1611.89	3.20			
1617.5	1614.35	3.26			
1620	1616.81	3.01			
1622.5	1619.27	3.04			
1625	1621.72	3.12			
1627.5	1624.18	3.37			
1630	1626.64	2.91			
1632.5	1629.10	2.93			
1635	1631.56	2.92			
1637.5	1634.01	2.96			
1640	1636.46	3.04			
1642.5	1638.91	3.24			
1645	1641.35	3.41			
1647.5	1643.80	3.53			
1650	1646.24	3.54			
1652.5	1648.69	3.61			
1655	1651.14	3.64			
1657.5	1653.58	3.47			
1660	1656.03	3.49			
1662.5	1658.47	3.44			
1665	1660.99	3.49			
1667.5	1663.63	3.27			
1670	1666.26	3.24			
1672.5	1668.89	3.22			
1675	1671.53	2.91			
1677.5	1674.16	3.08			
1680	1676.80	3.01			
1682.5	1679.43	2.93			
1685	1682.06	2.95			
1687.5	1684.70	3.10			
1690	1687.33	3.08			
1692.5	1689.86	3.11			
1695	1692.40	3.18			
1697.5	1694.93	3.13			
1700	1697.47	3.45			
1702.5	1700.00	3.51			
1705	1702.54	3.48			
1707.5	1705.07	3.53			
1710	1707.60	3.29			
1712.5	1710.14	3.22			
1715	1712.67	3.19			
1717.5	1715.30	2.93			
1720	1717.99	2.88			
1722.5	1720.69	3.08			
1725	1723.38	3.15			
1727.5	1726.07	3.16			
1730	1728.77	3.10			
1732.5	1731.46	3.22			
1735	1734.15	2.96			
1737.5	1736.85	2.96			
1740	1739.54	3.07			
1742.5	1742.17	3.05			
1745	1744.53	3.49			
1747.5	1746.89	3.57			
1750	1749.26	3.52			
1752.5	1751.62	3.21			
1755	1753.99	3.10			
1757.5	1756.35	3.19			
1760	1758.71	2.89			
1762.5	1761.08	2.99			
1765	1763.44	2.85			
1767.5	1765.81	2.88			
1770	1767.88	2.84			
1772.5	1769.89	2.74			
1775	1771.89	2.89			
1777.5	1773.90	2.93			
1780	1775.91	3.01			
1782.5	1777.91	3.16			
1785	1779.92	3.13			
1787.5	1781.92	3.21			
1790	1783.93	3.35			
1792.5	1785.93	3.42			
1795	1788.04	3.45			
1797.5	1790.30	3.25			
1800	1792.56	3.31			
1802.5	1794.81	3.16			
1805	1797.07	3.04			
1807.5	1799.33	3.02			
1810	1801.59	2.88			
1812.5	1803.85	3.04			
1815	1806.10	2.97			
1817.5	1808.36	3.34			
1820	1810.62	3.18			
1822.5	1812.89	3.09			
1825	1815.16	3.08			
1827.5	1817.43	3.01			
1830	1819.70	2.78			
1832.5	1821.97	2.99			
1835	1824.24	3.04			
1837.5	1826.51	2.93			
1840	1828.78	2.93			
1842.5	1831.05	2.93			
1845	1833.32	2.97			
1847.5	1835.68	3.16			
1850	1838.10	2.98			
1852.5	1840.52	2.97			
1855	1842.94	2.92			
1857.5	1845.37	3.00			
1860	1847.79	3.25			
1862.5	1850.21	3.55			
1865	1852.63	3.52			
1867.5	1855.06	3.33			
1870	1857.48	3.31			
1872.5	1859.82	3.19			
1875	1861.83	3.20			
1877.5	1863.84	3.09			
1880	1865.85	3.13			
1882.5	1867.86	3.05			
1885	1869.87	3.11			
1887.5	1871.88	2.95			
1890	1873.89	3.04			
1892.5	1875.90	2.97			
1895	1877.91	3.10			
1897.5	1879.92	3.05			
1900	1882.01	3.38			
1902.5	1884.12	3.29			
1905	1886.24	3.37			
1907.5	1888.35	3.19			
1910	1890.46	3.17			
1912.5	1892.57	3.17			
1915	1894.68	3.06			
1917.5	1896.79	3.00			
1920	1898.91	3.06			
1922.5	1901.02	3.01			
1925	1903.06	2.86			
1927.5	1904.99	2.84			
1930	1906.91	2.87			
1932.5	1908.84	2.81			
1935	1910.77	2.88			
1937.5	1912.70	2.94			
1940	1914.63	2.87			
1942.5	1916.56	3.38			
1945	1918.49	3.39			
1947.5	1920.42	3.53			
1950	1922.35	3.46			
1952.5	1924.36	3.38			
1955	1926.36	3.25			
1957.5	1928.37	3.13			
1960	1930.38	3.22			
1962.5	1932.38	3.26			
1965	1934.39	3.10			
1967.5	1936.40	2.97			
1970	1938.40	3.11			
1972.5	1940.41	2.86			
1975	1942.42	2.91			
1977.5	1944.81	2.81			
1980	1947.47	2.69			
1982.5	1950.13	2.74			
1985	1952.79	2.72			
1987.5	1955.44	2.88			
1990	1958.10	3.01			
1992.5	1960.76	3.04			
1995	1963.42	2.94			
1997.5	1966.08	3.05			
2000	1968.73	3.21			
2002.5	1971.37	3.17			
2005	1973.92	3.28			
2007.5	1976.46	3.25			
2010	1979.01	2.91			
2012.5	1981.56	2.99			
2015	1984.10	3.17			
2017.5	1986.65	2.90			
2020	1989.20	2.93			
2022.5	1991.75	2.82			
2025	1994.29	2.60			
2027.5	1996.84	2.80			
2030	1999.42	2.70			
2032.5	2002.01	2.72			
2035	2004.60	2.92			
2037.5	2007.18	2.99			
2040	2009.77	3.03			
2042.5	2012.36	2.98			
2045	2014.95	3.28			
2047.5	2017.54	3.14			
2050	2020.13	3.07			
2052.5	2022.72	2.98			
2055	2025.26	2.96			
2057.5	2027.76	3.08			
2060	2030.25	3.10			
2062.5	2032.74	3.24			
2065	2035.23	3.54			
2067.5	2037.72	3.54			
2070	2040.21	3.57			
2072.5	2042.70	3.64			
2075	2045.19	3.52			
2077.5	2047.68	3.51			
2080	2050.17	3.32			
2082.5	2053.10	3.35			
2085	2056.02	3.21			
2087.5	2058.94	3.24			
2090	2061.86	3.06			
2092.5	2064.79	2.99			
2095	2067.71	2.85			
2097.5	2070.63	2.82			
2100	2073.56	2.80			
2102.5	2076.48	2.91			
2105	2079.40	3.02			
2107.5	2082.34	2.99			
2110	2085.28	2.87			
2112.5	2088.23	2.86			
2115	2091.17	2.86			
2117.5	2094.12	3.08			
2120	2097.06	3.04			
2122.5	2100.01	3.04			
2125	2102.95	2.86			
2127.5	2105.90	2.83			
2130	2108.84	2.68			
2132.5	2111.71	2.65			
2135	2114.28	2.65			
2137.5	2116.85	2.70			
2140	2119.42	2.59			
2142.5	2121.99	2.80			
2145	2124.55	2.96			
2147.5	2127.12	3.36			
2150	2129.69	3.51			
2152.5	2132.26	3.58			
2155	2134.83	3.59			
2157.5	2137.40	3.46			
2160	2139.98	3.51			
2162.5	2142.56	3.30			
2165	2145.14	3.24			
2167.5	2147.72	3.13			
2170	2150.30	3.05			
2172.5	2152.88	3.03			
2175	2155.46	2.92			
2177.5	2158.04	2.86			
2180	2160.61	2.72			
2182.5	2163.19	2.77			
2185	2165.78	2.78			
2187.5	2168.39	2.74			
2190	2170.99	2.92			
2192.5	2173.59	3.04			
2195	2176.19	3.13			
2197.5	2178.80	3.19			
2200	2181.40	3.22			
2202.5	2184.00	3.19			
2205	2186.60	3.10			
2207.5	2189.21	2.96			
2210	2191.81	2.95			
2212.5	2194.31	2.82			
2215	2196.80	2.95			
2217.5	2199.30	2.97			
2220	2201.80	2.93			
2222.5	2204.29	2.85			
2225	2206.79	2.75			
2227.5	2209.29	2.78			
2230	2211.78	2.82			
2232.5	2214.28	2.85			
2235	2216.77	2.92			
2237.5	2219.45	3.16			
2240	2222.25	3.37			
2242.5	2225.05	3.23			
2245	2227.85	3.16			
2247.5	2230.64	3.08			
2250	2233.44	2.97			
2252.5	2236.24	2.81			
2255	2239.04	2.75			
2257.5	2241.83	2.68			
2260	2244.63	2.57			
2262.5	2247.37	2.66			
2265	2249.89	2.81			
2267.5	2252.41	2.73			
2270	2254.92	2.84			
2272.5	2257.44	2.86			
2275	2259.95	3.23			
2277.5	2262.47	3.16			
2280	2264.99	3.20			
2282.5	2267.50	3.27			
2285	2270.02	3.16			
2287.5	2272.54	3.05			
2290	2275.01	3.04			
2292.5	2277.47	2.82			
2295	2279.94	2.81			
2297.5	2282.40	2.63			
2300	2284.87	2.64			
2302.5	2287.33	2.72			
2305	2289.79	2.71			
2307.5	2292.26	2.79			
2310	2294.72	2.97			
2312.5	2297.18	3.06			
2315	2299.70	3.10			
2317.5	2302.31	3.11			
2320	2304.91	3.12			
2322.5	2307.51	2.96			
2325	2310.12	2.88			
2327.5	2312.72	3.00			
2330	2315.32	3.00			
2332.5	2317.93	2.88			
2335	2320.53	2.75			
2337.5	2323.13	2.65			
2340	2325.74	2.56			
2342.5	2328.39	2.69			
2345	2331.05	2.73			
2347.5	2333.70	2.61			
2350	2336.36	2.94			
2352.5	2339.01	3.08			
2355	2341.67	3.16			
2357.5	2344.33	3.32			
2360	2346.98	3.28			
2362.5	2349.64	3.12			
2365	2352.29	3.23			
2367.5	2354.83	2.99			
2370	2357.29	3.08			
2372.5	2359.75	2.99			
2375	2362.21	2.75			
2377.5	2364.66	2.74			
2380	2367.12	2.73			
2382.5	2369.58	2.60			
2385	2372.04	2.69			
2387.5	2374.50	2.84			
2390	2376.95	2.90			
2392.5	2379.40	2.96			
2395	2381.78	2.77			
2397.5	2384.16	2.82			
2400	2386.55	2.84			
2402.5	2388.93	3.03			
2405	2391.31	3.05			
2407.5	2393.70	2.77			
2410	2396.08	2.65			
2412.5	2398.46	2.73			
2415	2400.85	2.73			
2417.5	2403.23	2.69			
2420	2405.83	2.71			
2422.5	2408.48	2.89			
2425	2411.13	2.85			
2427.5	2413.78	3.02			
2430	2416.43	3.29			
2432.5	2419.08	3.53			
2435	2421.73	3.45			
2437.5	2424.38	3.50			
2440	2427.04	3.37			
2442.5	2429.69	3.36			
2445	2432.46	3.31			
2447.5	2435.42	3.27			
2450	2438.37	3.09			
2452.5	2441.33	3.05			
2455	2444.28	2.81			
2457.5	2447.24	2.75			
2460	2450.20	2.75			
2462.5	2453.15	2.57			
2465	2456.11	2.61			
2467.5	2459.06	2.67			
2470	2462.02	2.68			
2472.5	2464.80	2.79			
2475	2467.57	2.93			
2477.5	2470.35	3.06			
2480	2473.12	3.06			
2482.5	2475.90	3.32			
2485	2478.67	3.35			
2487.5	2481.45	3.52			
2490	2484.23	3.19			
2492.5	2487.00	3.01			
2495	2489.78	2.98			
2497.5	2492.45	2.79			
2500	2495.05	2.54			
2502.5	2497.66	2.71			
2505	2500.26	2.84			
2507.5	2502.86	2.78			
2510	2505.47	3.01			
2512.5	2508.07	3.12			
2515	2510.67	3.25			
2517.5	2513.28	3.48			
2520	2515.88	3.49			
2522.5	2518.50	3.42			
2525	2521.18	3.49			
2527.5	2523.86	3.39			
2530	2526.53	3.25			
2532.5	2529.21	3.29			
2535	2531.89	3.09			
2537.5	2534.57	3.10			
2540	2537.25	2.99			
2542.5	2539.93	2.71			
2545	2542.60	2.63			
2547.5	2545.28	2.54			
2550	2547.98	2.57			
2552.5	2550.69	2.64			
2555	2553.40	2.79			
2557.5	2556.11	2.75			
2560	2558.82	2.73			
2562.5	2561.53	2.74			
2565	2564.24	2.99			
2567.5	2566.95	2.89			
2570	2569.66	2.83			
2572.5	2572.37	2.83			
2575	2575.00	2.77			
2577.5	2577.51	2.68			
2580	2580.03	2.59			
2582.5	2582.54	2.62			
2585	2585.05	2.52			
2587.5	2587.56	2.63			
2590	2590.07	2.79			
2592.5	2592.58	2.81			
2595	2595.09	2.83			
2597.5	2597.60	3.10			
2600	2600.11	3.26			
2602.5	2602.66	3.22			
2605	2605.22	3.17			
2607.5	2607.77	3.21			
2610	2610.33	2.98			
2612.5	2612.89	3.00			
2615	2615.44	2.80			
2617.5	2618.00	2.81			
2620	2620.55	2.63			
2622.5	2623.11	2.60			
2625	2625.66	2.67			
2627.5	2628.16	2.62			
2630	2630.61	2.59			
2632.5	2633.07	2.80			
2635	2635.52	2.81			
2637.5	2637.97	2.84			
2640	2640.43	3.02			
2642.5	2642.88	3.08			
2645	2645.34	3.20			
2647.5	2647.79	3.05			
2650	2650.24	2.87			
2652.5	2652.66	2.77			
2655	2654.92	2.71			
2657.5	2657.18	2.50			
2660	2659.44	2.59			
2662.5	2661.71	2.41			
2665	2663.97	2.61			
2667.5	2666.23	2.60			
2670	2668.49	2.55			
2672.5	2670.75	2.56			
2675	2673.01	2.58			
2677.5	2675.27	2.72			
2680	2677.55	2.73			
2682.5	2679.83	2.90			
2685	2682.10	3.04			
2687.5	2684.38	3.11			
2690	2686.66	2.97			
2692.5	2688.94	2.89			
2695	2691.21	2.97			
2697.5	2693.49	2.93			
2700	2695.77	2.97			
2702.5	2698.05	2.84			
2705	2700.40	3.15			
2707.5	2702.87	3.12			
2710	2705.33	3.06			
2712.5	2707.80	3.12			
2715	2710.27	3.23			
2717.5	2712.73	3.16			
2720	2715.20	3.16			
2722.5	2717.67	3.13			
2725	2720.13	3.02			
2727.5	2722.60	2.97			
2730	2725.07	2.83			
2732.5	2727.81	2.75			
2735	2730.55	2.63			
2737.5	2733.29	2.48			
2740	2736.03	2.54			
2742.5	2738.77	2.40			
2745	2741.51	2.51			
2747.5	2744.26	2.45			
2750	2747.00	2.49			
2752.5	2749.74	2.57			
2755	2752.48	2.55			
2757.5	2755.23	2.52			
2760	2757.98	2.63			
2762.5	2760.73	2.60			
2765	2763.49	2.60			
2767.5	2766.24	2.51			
2770	2768.99	2.49			
2772.5	2771.74	2.64			
2775	2774.50	2.67			
2777.5	2777.25	2.59			
2780	2780.00	2.54			
2782.5	2782.73	2.52			
2785	2785.37	2.55			
2787.5	2788.01	2.60			
2790	2790.65	2.57			
2792.5	2793.29	2.62			
2795	2795.93	2.77			
2797.5	2798.57	2.76			
2800	2801.21	2.86			
2802.5	2803.86	3.10			
2805	2806.50	3.14			
2807.5	2809.14	3.09			
2810	2811.70	3.01			
2812.5	2814.24	3.02			
2815	2816.78	2.99			
2817.5	2819.32	2.81			
2820	2821.86	2.74			
2822.5	2824.41	2.62			
2825	2826.95	2.51			
2827.5	2829.49	2.48			
2830	2832.03	2.52			
2832.5	2834.57	2.47			
2835	2837.08	2.53			
2837.5	2839.55	2.63			
2840	2842.02	2.70			
2842.5	2844.49	2.78			
2845	2846.96	2.74			
2847.5	2849.43	2.86			
2850	2851.90	2.76			
2852.5	2854.37	2.78			
2855	2856.84	2.80			
2857.5	2859.31	2.69			
2860	2861.78	2.55			
2862.5	2864.62	2.61			
2865	2867.47	2.73			
2867.5	2870.31	2.67			
2870	2873.16	2.66			
2872.5	2876.01	2.59			
2875	2878.85	2.59			
2877.5	2881.70	2.83			
2880	2884.54	2.84			
2882.5	2887.39	2.81			
2885	2890.23	2.86			
2887.5	2893.03	2.82			
2890	2895.80	2.85			
2892.5	2898.56	2.70			
2895	2901.33	2.65			
2897.5	2904.09	2.50			
2900	2906.86	2.58			
2902.5	2909.62	2.57			
2905	2912.38	2.68			
2907.5	2915.15	2.64			
2910	2917.91	2.63			
2912.5	2920.65	2.66			
2915	2923.30	2.85			
2917.5	2925.94	2.77			
2920	2928.58	2.87			
2922.5	2931.23	2.86			
2925	2933.87	2.86			
2927.5	2936.51	2.69			
2930	2939.16	2.79			
2932.5	2941.80	2.87			
2935	2944.44	2.67			
2937.5	2947.09	2.54			
2940	2949.58	2.45			
2942.5	2952.03	2.31			
2945	2954.48	2.31			
2947.5	2956.93	2.42			
2950	2959.39	2.29			
2952.5	2961.84	2.28			
2955	2964.29	2.52			
2957.5	2966.74	2.59			
2960	2969.19	2.44			
2962.5	2971.65	2.54			
2965	2974.14	2.52			
2967.5	2976.69	2.71			
2970	2979.25	2.66			
2972.5	2981.80	2.69			
2975	2984.36	2.84			
2977.5	2986.91	2.79			
2980	2989.47	2.81			
2982.5	2992.02	2.62			
2985	2994.58	2.43			
2987.5	2997.14	2.51			
2990	2999.69	2.54			
2992.5	3002.18	2.57			
2995	3004.68	2.56			
2997.5	3007.17	2.58			
3000	3009.67	2.72			
3005	3014.65	2.80			
3010	3019.64	2.82			
3015	3024.63	2.88			
3020	3030.04	2.85			
3025	3035.55	2.68			
3030	3041.06	2.49			
3035	3046.57	2.45			
3040	3052.08	2.59			
3045	3057.58	2.67			
3050	3063.07	2.69			
3055	3068.55	2.50			
3060	3074.04	2.31			
3065	3079.53	2.41			
3070	3085.00	2.45			
3075	3090.46	2.46			
3080	3095.93	2.45			
3085	3101.39	2.30			
3090	3106.85	2.54			
3095	3112.26	2.54			
3100	3117.45	2.44			
3105	3122.64	2.42			
3110	3127.83	2.49			
3115	3133.02	2.58			
3120	3138.21	2.62			
3125	3143.34	2.70			
3130	3148.47	2.74			
3135	3153.59	2.81			
3140	3158.72	2.74			
3145	3163.85	2.71			
3150	3168.85	2.52			
3155	3173.82	2.31			
3160	3178.79	2.37			
3165	3183.76	2.40			
3170	3188.73	2.50			
3175	3193.66	2.55			
3180	3198.55	2.52			
3185	3203.45	2.44			
3190	3208.35	2.31			
3195	3213.25	2.45			
3200	3217.92	2.38			
3205	3222.23	2.36			
3210	3226.55	2.38			
3215	3230.86	2.56			
3220	3235.17	2.49			
3225	3239.49	2.57			
3230	3243.82	2.49			
3235	3248.16	2.60			
3240	3252.49	2.40			
3245	3256.82	2.40			
3250	3261.15	2.39			
3255	3265.80	2.53			
3260	3270.45	2.52			
3265	3275.10	2.68			
3270	3279.75	2.63			
3275	3284.40	2.69			
3280	3289.96	2.62			
3285	3295.76	2.76			
3290	3301.55	3.01			
3295	3307.34	3.10			
3300	3313.14	3.07			
3305	3318.38	2.78			
3310	3323.24	2.73			
3315	3328.11	2.58			
3320	3332.98	2.46			
3325	3337.84	2.56			
3330	3342.81	2.57			
3335	3347.91	2.61			
3340	3353.02	2.77			
3345	3358.13	2.67			
3350	3363.24	2.54			
3355	3368.38	2.58			
3360	3373.60	2.53			
3365	3378.83	2.47			
3370	3384.06	2.51			
3375	3389.29	2.71			
3380	3394.52	2.71			
3385	3398.98	2.61			
3390	3403.45	2.52			
3395	3407.92	2.44			
3400	3412.38	2.49			
3405	3416.85	2.50			
3410	3421.38	2.44			
3415	3425.93	2.35			
3420	3430.47	2.46			
3425	3435.02	2.56			
3430	3439.57	2.47			
3435	3444.44	2.26			
3440	3449.53	2.26			
3445	3454.63	2.40			
3450	3459.72	2.48			
3455	3464.81	2.39			
3460	3470.16	2.43			
3465	3475.88	2.59			
3470	3481.61	2.45			
3475	3487.33	2.28			
3480	3493.05	2.25			
3485	3498.68	2.36			
3490	3503.91	2.34			
3495	3509.14	2.42			
3500	3514.37	2.29			
3505	3519.60	2.31			
3510	3524.84	2.33			
3515	3529.58	2.40			
3520	3534.33	2.47			
3525	3539.08	2.54			
3530	3543.82	2.50			
3535	3548.57	2.37			
3540	3553.72	2.28			
3545	3558.97	2.37			
3550	3564.21	2.47			
3555	3569.46	2.48			
3560	3574.71	2.50			
3565	3579.73	2.41			
3570	3584.60	2.25			
3575	3589.47	2.30			
3580	3594.33	2.54			
3585	3599.20	2.52			
3590	3603.93	2.51			
3595	3608.44	2.35			
3600	3612.96	2.36			
3605	3617.47	2.45			
3610	3621.98	2.29			
3615	3626.57	2.40			
3620	3631.42	2.56			
3625	3636.27	2.69			
3630	3641.12	2.77			
3635	3645.97	2.65			
3640	3650.82	2.41			
3645	3655.77	2.34			
3650	3660.72	2.32			
3655	3665.67	2.50			
3660	3670.62	2.54			
3665	3675.56	2.76			
3670	3680.53	2.81			
3675	3685.50	2.57			
3680	3690.47	2.41			
3685	3695.43	2.34			
3690	3700.40	2.28			
3695	3705.49	2.38			
3700	3710.66	2.41			
3705	3715.82	2.46			
3710	3720.99	2.64			
3715	3726.16	2.65			
3720	3731.30	2.33			
3725	3736.40	2.19			
3730	3741.51	2.36			
3735	3746.61	2.29			
3740	3751.71	2.32			
3745	3756.74	2.56			
3750	3761.47	2.44			
3755	3766.21	2.34			
3760	3770.94	2.29			
3765	3775.67	2.25			
3770	3780.40	2.45			
3775	3785.13	2.44			
3780	3789.87	2.41			
3785	3794.61	2.33			
3790	3799.35	2.42			
3795	3804.08	2.57			
3800	3809.22	2.36			
3805	3814.46	2.46			
3810	3819.69	2.41			
3815	3824.93	2.36			
3820	3830.16	2.35			
3825	3835.29	2.58			
3830	3840.34	2.62			
3835	3845.39	2.41			
3840	3850.45	2.22			
3845	3855.50	2.24			
3850	3860.39	2.26			
3855	3865.05	2.25			
3860	3869.71	2.25			
3865	3874.37	2.53			
3870	3879.02	2.52			
3875	3883.83	2.61			
3880	3889.25	2.37			
3885	3894.67	2.31			
3890	3900.09	2.25			
3895	3905.51	2.42			
3900	3910.92	2.28			
3905	3915.97	2.28			
3910	3921.02	2.23			
3915	3926.06	2.43			
3920	3931.11	2.44			
3925	3936.15	2.27			
3930	3941.19	2.25			
3935	3946.23	2.19			
3940	3951.27	2.33			
3945	3956.31	2.40			
3950	3961.35	2.38			
3955	3966.42	2.26			
3960	3971.51	2.25			
3965	3976.59	2.30			
3970	3981.68	2.37			
3975	3986.77	2.37			
3980	3991.86	2.42			
3985	3996.97	2.42			
3990	4002.07	2.60			
3995	4007.18	2.66			
4000	4012.28	2.59			
4005	4017.27	2.52			
4010	4021.79	2.32			
4015	4026.31	2.31			
4020	4030.83	2.43			
4025	4035.35	2.38			
4030	4039.87	2.48			
4035	4044.01	2.53			
4040	4048.15	2.56			
4045	4052.29	2.52			
4050	4056.43	2.42			
4055	4060.57	2.42			
4060	4065.03	2.46			
4065	4069.57	2.37			
4070	4074.10	2.44			
4075	4078.64	2.38			
4080	4083.17	2.37			
4085	4087.75	2.39			
4090	4092.34	2.43			
4095	4096.94	2.43			
4100	4101.54	2.23			
4105	4106.13	2.24			
4110	4110.74	2.23			
4115	4115.35	2.27			
4120	4119.97	2.30			
4125	4124.58	2.36			
4130	4129.20	2.18			
4135	4133.75	2.34			
4140	4138.07	2.28			
4145	4142.38	2.34			
4150	4146.69	2.47			
4155	4151.01	2.52			
4160	4155.32	2.47			
4165	4159.89	2.36			
4170	4164.45	2.42			
4175	4169.01	2.35			
4180	4173.57	2.23			
4185	4178.14	2.22			
4190	4182.63	2.31			
4195	4187.10	2.40			
4200	4191.58	2.47			
4205	4196.05	2.40			
4210	4200.52	2.36			
4215	4204.99	2.21			
4220	4209.46	2.36			
4225	4213.93	2.34			
4230	4218.40	2.27			
4235	4222.87	2.39			
4240	4227.41	2.39			
4245	4232.06	2.42			
4250	4236.72	2.35			
4255	4241.37	2.46			
4260	4246.02	2.31			
4265	4250.84	2.32			
4270	4256.29	2.24			
4275	4261.75	2.42			
4280	4267.20	2.26			
4285	4272.66	2.31			
4290	4278.12	2.38			
4295	4284.29	2.39			
4300	4290.47	2.40			
4305	4296.65	2.24			
4310	4302.82	2.22			
4315	4309.00	2.21			
4320	4314.67	2.20			
4325	4320.21	2.19			
4330	4325.75	2.36			
4335	4331.29	2.21			
4340	4336.84	2.09			
4345	4342.49	2.23			
4350	4348.22	2.20			
4355	4353.95	2.25			
4360	4359.68	2.39			
4365	4365.41	2.43			
4370	4371.23	2.31			
4375	4377.17	2.25			
4380	4383.11	2.34			
4385	4389.05	2.12			
4390	4395.00	2.19			
4395	4400.86	2.30			
4400	4406.40	2.35			
4405	4411.95	2.44			
4410	4417.49	2.39			
4415	4423.03	2.49			
4420	4428.58	2.33			
4425	4433.43	2.30			
4430	4438.29	2.24			
4435	4443.15	2.28			
4440	4448.00	2.24			
4445	4452.86	2.26			
4450	4457.81	2.39			
4455	4462.79	2.31			
4460	4467.76	2.21			
4465	4472.74	2.21			
4470	4477.72	2.23			
4475	4482.62	2.22			
4480	4487.47	2.31			
4485	4492.32	2.28			
4490	4497.17	2.46			
4495	4502.02	2.46			
4500	4506.98	2.48			
4505	4512.09	2.43			
4510	4517.20	2.29			
4515	4522.31	2.35			
4520	4527.42	2.15			
4525	4532.48	2.37			
4530	4537.33	2.40			
4535	4542.19	2.45			
4540	4547.05	2.23			
4545	4551.91	2.17			
4550	4556.77	2.24			
4555	4561.91	2.26			
4560	4567.05	2.38			
4565	4572.19	2.29			
4570	4577.32	2.34			
4575	4582.46	2.52			
4580	4587.54	2.47			
4585	4592.60	2.46			
4590	4597.66	2.36			
4595	4602.72	2.36			
4600	4607.78	2.34			
4605	4613.05	2.45			
4610	4618.44	2.50			
4615	4623.83	2.41			
4620	4629.22	2.40			
4625	4634.62	2.37			
4630	4640.00	2.38			
4635	4645.37	2.31			
4640	4650.74	2.31			
4645	4656.11	2.29			
4650	4661.48	2.45			
4655	4666.83	2.49			
4660	4672.11	2.24			
4665	4677.40	2.33			
4670	4682.69	2.22			
4675	4687.97	2.28			
4680	4693.26	2.22			
4685	4699.45	2.42			
4690	4705.64	2.53			
4695	4711.83	2.44			
4700	4718.02	2.49			
4705	4724.21	2.33			
4710	4730.05	2.28			
4715	4735.80	2.39			
4720	4741.55	2.31			
4725	4747.29	2.49			
4730	4753.04	2.50			
4735	4758.72	2.45			
4740	4764.34	2.27			
4745	4769.97	2.32			
4750	4775.59	2.40			
4755	4781.22	2.22			
4760	4786.63	2.28			
4765	4791.72	2.36			
4770	4796.82	2.56			
4775	4801.91	2.53			
4780	4807.01	2.36			
4785	4811.94	2.35			
4790	4816.22	2.29			
4795	4820.49	2.32			
4800	4824.77	2.35			
4805	4829.05	2.35			
4810	4833.33	2.51			
4815	4837.91	2.51			
4820	4842.49	2.39			
4825	4847.08	2.19			
4830	4851.66	2.21			
4835	4856.24	2.32			
4840	4860.51	2.40			
4845	4864.71	2.60			
4850	4868.90	2.66			
4855	4873.10	2.44			
4860	4877.29	2.42			
4865	4881.14	2.34			
4870	4884.76	2.24			
4875	4888.37	2.22			
4880	4891.99	2.27			
4885	4895.61	2.54			
4890	4899.64	2.63			
4895	4904.29	2.66			
4900	4908.94	2.51			
4905	4913.59	2.39			
4910	4918.24	2.21			
4915	4922.98	2.21			
4920	4928.05	2.32			
4925	4933.13	2.13			
4930	4938.20	2.27			
4935	4943.27	2.39			
4940	4948.35	2.43			
4945	4953.57	2.39			
4950	4958.80	2.41			
4955	4964.03	2.20			
4960	4969.26	2.22			
4965	4974.49	2.27			
4970	4979.91	2.29			
4975	4985.38	2.30			
4980	4990.85	2.53			
4985	4996.31	2.31			
4990	5001.78	2.10			
4995	5006.36	2.21			
5000	5010.34	2.15			
5005	5014.32	2.31			
5010	5018.30	2.30			
5015	5022.28	2.23			
5020	5026.42	2.10			
5025	5030.79	2.10			
5030	5035.16	2.13			
5035	5039.54	2.15			
5040	5043.91	2.42			
5045	5048.30	2.53			
5050	5052.74	2.40			
5055	5057.19	2.42			
5060	5061.63	2.21			
5065	5066.08	2.26			
5070	5070.52	2.29			
5075	5074.41	2.05			
5080	5078.29	2.14			
5085	5082.18	2.17			
5090	5086.07	2.02			
5095	5089.95	2.24			
5100	5093.40	2.36			
5105	5096.75	2.40			
5110	5100.10	2.28			
5115	5103.44	2.22			
5120	5106.79	2.16			
5125	5111.51	2.08			
5130	5117.16	2.04			
5135	5122.81	2.01			
5140	5128.46	2.30			
5145	5134.11	2.26			
5150	5140.28	2.25			
5155	5147.20	2.27			
5160	5154.13	2.18			
5165	5161.06	2.31			
5170	5167.98	2.38			
5175	5174.75	2.57			
5180	5180.85	2.47			
5185	5186.95	2.38			
5190	5193.05	2.36			
5195	5199.15	2.18			
5200	5205.25	2.22			
5205	5209.69	2.36			
5210	5214.12	2.32			
5215	5218.55	2.23			
5220	5222.99	2.20			
5225	5227.42	2.29			
5230	5231.80	2.34			
5235	5236.16	2.13			
5240	5240.53	2.28			
5245	5244.89	2.33			
5250	5249.26	2.42			
5255	5253.73	2.45			
5260	5258.28	2.37			
5265	5262.83	2.34			
5270	5267.37	2.16			
5275	5271.92	2.25			
5280	5276.82	2.25			
5285	5282.26	2.16			
5290	5287.69	2.28			
5295	5293.12	2.33			
5300	5298.55	2.27			
5305	5304.00	2.15			
5310	5310.00	2.15			
5315	5315.00	2.20			
5320	5320.00	2.27			
5325	5325.00	2.05			